1.000000000000000000e+00 1.000000000000000000e+00 5.625000000000000000e-01
2.000000000000000000e+00 1.000000000000000000e+00 7.109375000000000000e-01
3.000000000000000000e+00 1.000000000000000000e+00 6.822916865348815918e-01
4.000000000000000000e+00 1.000000000000000000e+00 6.640625000000000000e-01
5.000000000000000000e+00 1.000000000000000000e+00 6.437500119209289551e-01
6.000000000000000000e+00 1.000000000000000000e+00 7.057291865348815918e-01
7.000000000000000000e+00 1.000000000000000000e+00 6.941964626312255859e-01
8.000000000000000000e+00 1.000000000000000000e+00 7.148437500000000000e-01
9.000000000000000000e+00 1.000000000000000000e+00 6.631944775581359863e-01
1.000000000000000000e+01 1.000000000000000000e+00 7.062500119209289551e-01
1.100000000000000000e+01 1.000000000000000000e+00 7.500000000000000000e-01
1.200000000000000000e+01 1.000000000000000000e+00 7.473958730697631836e-01
1.300000000000000000e+01 1.000000000000000000e+00 7.247596383094787598e-01
1.400000000000000000e+01 1.000000000000000000e+00 7.354910969734191895e-01
1.500000000000000000e+01 1.000000000000000000e+00 7.468750476837158203e-01
1.600000000000000000e+01 1.000000000000000000e+00 7.617187500000000000e-01
1.700000000000000000e+01 9.990808963775634766e-01 7.150735259056091309e-01
1.800000000000000000e+01 9.991319775581359863e-01 7.404513955116271973e-01
1.900000000000000000e+01 1.000000000000000000e+00 7.500000000000000000e-01
2.000000000000000000e+01 1.000000000000000000e+00 7.914062738418579102e-01
2.100000000000000000e+01 9.992559552192687988e-01 7.648809552192687988e-01
2.200000000000000000e+01 9.914773106575012207e-01 7.741477489471435547e-01
2.300000000000000000e+01 9.748641252517700195e-01 7.214673757553100586e-01
2.400000000000000000e+01 9.960937500000000000e-01 7.506510615348815918e-01
2.500000000000000000e+01 9.937499761581420898e-01 7.899999618530273438e-01
2.600000000000000000e+01 9.849759936332702637e-01 8.016827106475830078e-01
2.700000000000000000e+01 9.965277910232543945e-01 7.829861044883728027e-01
2.800000000000000000e+01 9.854910969734191895e-01 7.712053656578063965e-01
2.900000000000000000e+01 9.795258641242980957e-01 7.936422228813171387e-01
3.000000000000000000e+01 9.744791984558105469e-01 7.619792222976684570e-01
3.100000000000000000e+01 9.707661271095275879e-01 8.004031777381896973e-01
3.200000000000000000e+01 9.741210937500000000e-01 7.822265625000000000e-01
3.300000000000000000e+01 9.659091234207153320e-01 7.826704978942871094e-01
3.400000000000000000e+01 9.719669222831726074e-01 7.858455777168273926e-01
3.500000000000000000e+01 9.727678894996643066e-01 7.839285731315612793e-01
3.600000000000000000e+01 9.700520634651184082e-01 7.955729365348815918e-01
3.700000000000000000e+01 9.632601737976074219e-01 8.002533912658691406e-01
3.800000000000000000e+01 9.720394611358642578e-01 8.026315569877624512e-01
3.900000000000000000e+01 9.346955418586730957e-01 7.828525900840759277e-01
4.000000000000000000e+01 9.507812857627868652e-01 7.816406488418579102e-01
4.100000000000000000e+01 9.603658318519592285e-01 8.037347197532653809e-01
4.200000000000000000e+01 9.501488208770751953e-01 7.786458730697631836e-01
4.300000000000000000e+01 9.305959343910217285e-01 7.906976938247680664e-01
4.400000000000000000e+01 9.243608117103576660e-01 8.032670617103576660e-01
4.500000000000000000e+01 9.201388955116271973e-01 7.975694537162780762e-01
4.600000000000000000e+01 9.208559989929199219e-01 7.917799353599548340e-01
4.700000000000000000e+01 9.145611524581909180e-01 7.972074151039123535e-01
4.800000000000000000e+01 9.270833730697631836e-01 8.089193105697631836e-01
4.900000000000000000e+01 9.301657676696777344e-01 8.089923262596130371e-01
5.000000000000000000e+01 8.878124952316284180e-01 7.778124809265136719e-01
5.100000000000000000e+01 9.295343756675720215e-01 8.042279481887817383e-01
5.200000000000000000e+01 9.053485989570617676e-01 8.140024542808532715e-01
5.300000000000000000e+01 9.236438870429992676e-01 8.068985939025878906e-01
5.400000000000000000e+01 9.172453880310058594e-01 8.098958134651184082e-01
5.500000000000000000e+01 8.872158527374267578e-01 8.062499761581420898e-01
5.600000000000000000e+01 8.995535969734191895e-01 7.896205782890319824e-01
5.700000000000000000e+01 8.818531036376953125e-01 8.072916865348815918e-01
5.800000000000000000e+01 8.930495381355285645e-01 8.079202771186828613e-01
5.900000000000000000e+01 8.961864709854125977e-01 8.082627058029174805e-01
6.000000000000000000e+01 8.981771469116210938e-01 7.841145992279052734e-01
6.100000000000000000e+01 8.962602019309997559e-01 8.112192153930664062e-01
6.200000000000000000e+01 9.002015590667724609e-01 8.069556355476379395e-01
6.300000000000000000e+01 8.735119700431823730e-01 8.010913133621215820e-01
6.400000000000000000e+01 8.964843750000000000e-01 8.088378906250000000e-01
6.500000000000000000e+01 8.757211565971374512e-01 8.050480484962463379e-01
6.600000000000000000e+01 8.830492496490478516e-01 8.148674368858337402e-01
6.700000000000000000e+01 8.715018630027770996e-01 8.215951323509216309e-01
6.800000000000000000e+01 8.851103186607360840e-01 7.957261204719543457e-01
6.900000000000000000e+01 8.704710602760314941e-01 8.111413121223449707e-01
7.000000000000000000e+01 8.691964149475097656e-01 7.928571701049804688e-01
7.100000000000000000e+01 8.633362650871276855e-01 8.014964461326599121e-01
7.200000000000000000e+01 8.687065839767456055e-01 8.133680820465087891e-01
7.300000000000000000e+01 8.769263625144958496e-01 7.934503555297851562e-01
7.400000000000000000e+01 8.695101737976074219e-01 7.913851737976074219e-01
7.500000000000000000e+01 8.718750476837158203e-01 7.854166626930236816e-01
7.600000000000000000e+01 8.768503069877624512e-01 7.968750000000000000e-01
7.700000000000000000e+01 8.687093853950500488e-01 7.895697951316833496e-01
7.800000000000000000e+01 8.551682829856872559e-01 8.052884936332702637e-01
7.900000000000000000e+01 8.664952516555786133e-01 8.099288344383239746e-01
8.000000000000000000e+01 8.650390505790710449e-01 8.033203482627868652e-01
8.100000000000000000e+01 8.613040447235107422e-01 8.080632686614990234e-01
8.200000000000000000e+01 8.525152206420898438e-01 8.136432766914367676e-01
8.300000000000000000e+01 8.507153391838073730e-01 8.028990626335144043e-01
8.400000000000000000e+01 8.651413917541503906e-01 8.152902126312255859e-01
8.500000000000000000e+01 8.437500000000000000e-01 7.952206134796142578e-01
8.600000000000000000e+01 8.550145030021667480e-01 7.925145030021667480e-01
8.700000000000000000e+01 8.710488677024841309e-01 8.006465435028076172e-01
8.800000000000000000e+01 8.460582494735717773e-01 7.965199351310729980e-01
8.900000000000000000e+01 8.562148809432983398e-01 8.038975000381469727e-01
9.000000000000000000e+01 8.531250357627868652e-01 8.017361164093017578e-01
9.100000000000000000e+01 8.385989069938659668e-01 7.972184419631958008e-01
9.200000000000000000e+01 8.546195626258850098e-01 8.145380616188049316e-01
9.300000000000000000e+01 8.509744405746459961e-01 8.131720423698425293e-01
9.400000000000000000e+01 8.705119490623474121e-01 8.018617033958435059e-01
9.500000000000000000e+01 8.404605388641357422e-01 7.934210896492004395e-01
9.600000000000000000e+01 8.583984375000000000e-01 7.970377802848815918e-01
9.700000000000000000e+01 8.646907210350036621e-01 8.155605196952819824e-01
9.800000000000000000e+01 8.311543464660644531e-01 8.046875000000000000e-01
9.900000000000000000e+01 8.514835834503173828e-01 8.082386255264282227e-01
1.000000000000000000e+02 8.273437023162841797e-01 8.042187094688415527e-01
1.050000000000000000e+02 8.327381014823913574e-01 7.936012148857116699e-01
1.100000000000000000e+02 8.558238148689270020e-01 8.019886016845703125e-01
1.150000000000000000e+02 8.419836759567260742e-01 8.081521391868591309e-01
1.200000000000000000e+02 8.416666984558105469e-01 8.214844465255737305e-01
1.250000000000000000e+02 8.483750224113464355e-01 8.062500357627868652e-01
1.300000000000000000e+02 8.307692408561706543e-01 7.846153974533081055e-01
1.350000000000000000e+02 8.489583134651184082e-01 8.081018328666687012e-01
1.400000000000000000e+02 8.513392806053161621e-01 8.220981955528259277e-01
1.450000000000000000e+02 8.528017401695251465e-01 8.159482479095458984e-01
1.500000000000000000e+02 8.582291603088378906e-01 8.136458396911621094e-01
1.550000000000000000e+02 8.241935372352600098e-01 7.895160913467407227e-01
1.600000000000000000e+02 8.367187380790710449e-01 8.122070431709289551e-01
1.650000000000000000e+02 8.594696521759033203e-01 8.301135897636413574e-01
1.700000000000000000e+02 8.124080896377563477e-01 7.858455777168273926e-01
1.750000000000000000e+02 8.334821462631225586e-01 8.147321343421936035e-01
1.800000000000000000e+02 8.231770992279052734e-01 8.076388835906982422e-01
1.850000000000000000e+02 8.548986911773681641e-01 8.301520347595214844e-01
1.900000000000000000e+02 8.095394968986511230e-01 7.952302694320678711e-01
1.950000000000000000e+02 8.399038910865783691e-01 8.150641322135925293e-01
2.000000000000000000e+02 8.470312356948852539e-01 8.300781250000000000e-01
2.050000000000000000e+02 8.444359898567199707e-01 8.221798539161682129e-01
2.100000000000000000e+02 8.448660969734191895e-01 8.287946581840515137e-01
2.150000000000000000e+02 8.494912981986999512e-01 8.316133618354797363e-01
2.200000000000000000e+02 8.543323874473571777e-01 8.241477012634277344e-01
2.250000000000000000e+02 8.435416817665100098e-01 8.198611140251159668e-01
2.300000000000000000e+02 8.352581262588500977e-01 8.130434155464172363e-01
2.350000000000000000e+02 8.450132608413696289e-01 8.368350863456726074e-01
2.400000000000000000e+02 8.481771349906921387e-01 8.295573592185974121e-01
2.450000000000000000e+02 8.373086452484130859e-01 8.133290410041809082e-01
2.500000000000000000e+02 8.360000252723693848e-01 8.200625181198120117e-01
2.550000000000000000e+02 8.455269932746887207e-01 8.313113451004028320e-01
2.600000000000000000e+02 8.441706895828247070e-01 8.277644515037536621e-01
2.650000000000000000e+02 8.489387035369873047e-01 8.362028598785400391e-01
2.700000000000000000e+02 8.506944179534912109e-01 8.385416269302368164e-01
2.750000000000000000e+02 8.437500000000000000e-01 8.245454430580139160e-01
2.800000000000000000e+02 8.343191742897033691e-01 8.227120637893676758e-01
2.850000000000000000e+02 8.584430217742919922e-01 8.502741456031799316e-01
2.900000000000000000e+02 8.514547348022460938e-01 8.447737097740173340e-01
2.950000000000000000e+02 8.570444583892822266e-01 8.415254354476928711e-01
3.000000000000000000e+02 8.610416650772094727e-01 8.398958444595336914e-01
3.050000000000000000e+02 8.491803407669067383e-01 8.342213034629821777e-01
3.100000000000000000e+02 8.499999642372131348e-01 8.307459354400634766e-01
3.150000000000000000e+02 8.398313522338867188e-01 8.218750357627868652e-01
3.200000000000000000e+02 8.641113638877868652e-01 8.453613519668579102e-01
3.250000000000000000e+02 8.487499952316284180e-01 8.417307734489440918e-01
3.300000000000000000e+02 8.602272272109985352e-01 8.529829382896423340e-01
3.350000000000000000e+02 8.589085936546325684e-01 8.558302521705627441e-01
3.400000000000000000e+02 8.505514860153198242e-01 8.356617689132690430e-01
3.450000000000000000e+02 8.438858985900878906e-01 8.440670371055603027e-01
3.500000000000000000e+02 8.591964244842529297e-01 8.521428704261779785e-01
3.550000000000000000e+02 8.637763857841491699e-01 8.513203859329223633e-01
3.600000000000000000e+02 8.581163287162780762e-01 8.441840410232543945e-01
3.650000000000000000e+02 8.580907583236694336e-01 8.528253436088562012e-01
3.700000000000000000e+02 8.613598346710205078e-01 8.566723465919494629e-01
3.750000000000000000e+02 8.657500147819519043e-01 8.537083268165588379e-01
3.800000000000000000e+02 8.594572544097900391e-01 8.492599129676818848e-01
3.850000000000000000e+02 8.659496307373046875e-01 8.551136255264282227e-01
3.900000000000000000e+02 8.572115898132324219e-01 8.509615659713745117e-01
3.950000000000000000e+02 8.647547364234924316e-01 8.584651947021484375e-01
4.000000000000000000e+02 8.601952791213989258e-01 8.526562452316284180e-01
4.050000000000000000e+02 8.584491014480590820e-01 8.512346148490905762e-01
4.100000000000000000e+02 8.609756231307983398e-01 8.512576222419738770e-01
4.150000000000000000e+02 8.613328337669372559e-01 8.518072366714477539e-01
4.200000000000000000e+02 8.571056723594665527e-01 8.466145992279052734e-01
4.250000000000000000e+02 8.613602519035339355e-01 8.558455705642700195e-01
4.300000000000000000e+02 8.641715049743652344e-01 8.562863469123840332e-01
4.350000000000000000e+02 8.625358939170837402e-01 8.550646305084228516e-01
4.400000000000000000e+02 8.609019517898559570e-01 8.541902899742126465e-01
4.450000000000000000e+02 8.630617856979370117e-01 8.533707857131958008e-01
4.500000000000000000e+02 8.628125190734863281e-01 8.530902862548828125e-01
4.550000000000000000e+02 8.607486486434936523e-01 8.558379411697387695e-01
4.600000000000000000e+02 8.604618906974792480e-01 8.577445149421691895e-01
4.650000000000000000e+02 8.566196560859680176e-01 8.513441085815429688e-01
4.700000000000000000e+02 8.643284440040588379e-01 8.632313609123229980e-01
4.750000000000000000e+02 8.662170767784118652e-01 8.616446852684020996e-01
4.800000000000000000e+02 8.642578721046447754e-01 8.589193224906921387e-01
4.850000000000000000e+02 8.704897165298461914e-01 8.575387001037597656e-01
4.900000000000000000e+02 8.550701141357421875e-01 8.469706177711486816e-01
4.950000000000000000e+02 8.682450056076049805e-01 8.600694537162780762e-01
5.000000000000000000e+02 8.607813119888305664e-01 8.575625419616699219e-01
6.000000000000000000e+02 8.675000071525573730e-01 8.619791865348815918e-01
7.000000000000000000e+02 8.708258867263793945e-01 8.646875023841857910e-01
8.000000000000000000e+02 8.674023151397705078e-01 8.604296445846557617e-01
9.000000000000000000e+02 8.677951693534851074e-01 8.661979436874389648e-01
1.000000000000000000e+03 8.765469193458557129e-01 8.699843883514404297e-01
1.100000000000000000e+03 8.697585463523864746e-01 8.680824041366577148e-01
1.200000000000000000e+03 8.690234422683715820e-01 8.700260519981384277e-01
1.300000000000000000e+03 8.704447150230407715e-01 8.678125143051147461e-01
1.400000000000000000e+03 8.725000023841857910e-01 8.698325753211975098e-01
1.500000000000000000e+03 8.768228888511657715e-01 8.736979365348815918e-01
1.600000000000000000e+03 8.720019459724426270e-01 8.716601133346557617e-01
1.700000000000000000e+03 8.744209408760070801e-01 8.723437190055847168e-01
1.800000000000000000e+03 8.743402957916259766e-01 8.738107681274414062e-01
1.900000000000000000e+03 8.756167292594909668e-01 8.751726746559143066e-01
2.000000000000000000e+03 8.779297471046447754e-01 8.755391240119934082e-01
2.100000000000000000e+03 8.783035874366760254e-01 8.770982027053833008e-01
2.200000000000000000e+03 8.746803998947143555e-01 8.751349449157714844e-01
2.300000000000000000e+03 8.737092614173889160e-01 8.725135922431945801e-01
2.400000000000000000e+03 8.738607168197631836e-01 8.733854293823242188e-01
2.500000000000000000e+03 8.769374489784240723e-01 8.750249743461608887e-01
2.600000000000000000e+03 8.788040876388549805e-01 8.769410848617553711e-01
2.700000000000000000e+03 8.746701478958129883e-01 8.711110949516296387e-01
2.800000000000000000e+03 8.771763443946838379e-01 8.771428465843200684e-01
2.900000000000000000e+03 8.757166266441345215e-01 8.761045336723327637e-01
3.000000000000000000e+03 8.756614327430725098e-01 8.747864365577697754e-01
3.100000000000000000e+03 8.790121078491210938e-01 8.782157301902770996e-01
3.200000000000000000e+03 8.783837556838989258e-01 8.770946860313415527e-01
3.300000000000000000e+03 8.763163089752197266e-01 8.753929734230041504e-01
3.400000000000000000e+03 8.755789995193481445e-01 8.746277093887329102e-01
3.500000000000000000e+03 8.775089383125305176e-01 8.759955167770385742e-01
3.600000000000000000e+03 8.770616650581359863e-01 8.769661784172058105e-01
3.700000000000000000e+03 8.748691082000732422e-01 8.750126957893371582e-01
3.800000000000000000e+03 8.765048980712890625e-01 8.754769563674926758e-01
3.900000000000000000e+03 8.769430518150329590e-01 8.776522278785705566e-01
4.000000000000000000e+03 8.818398714065551758e-01 8.802890777587890625e-01
4.100000000000000000e+03 8.767949938774108887e-01 8.771760463714599609e-01
4.200000000000000000e+03 8.751487731933593750e-01 8.759635090827941895e-01
4.300000000000000000e+03 8.781286478042602539e-01 8.778270483016967773e-01
4.400000000000000000e+03 8.777237534523010254e-01 8.776242733001708984e-01
4.500000000000000000e+03 8.786319494247436523e-01 8.786250352859497070e-01
4.600000000000000000e+03 8.763383626937866211e-01 8.765761256217956543e-01
4.700000000000000000e+03 8.800897598266601562e-01 8.795511722564697266e-01
4.800000000000000000e+03 8.762304782867431641e-01 8.753939270973205566e-01
4.900000000000000000e+03 8.769260048866271973e-01 8.784087896347045898e-01
5.000000000000000000e+03 8.767437338829040527e-01 8.767562508583068848e-01
5.100000000000000000e+03 8.765349388122558594e-01 8.756740093231201172e-01
5.200000000000000000e+03 8.765684962272644043e-01 8.756099939346313477e-01
5.300000000000000000e+03 8.783844113349914551e-01 8.782783150672912598e-01
5.400000000000000000e+03 8.781163096427917480e-01 8.784143328666687012e-01
5.500000000000000000e+03 8.759431838989257812e-01 8.755539655685424805e-01
5.600000000000000000e+03 8.769977688789367676e-01 8.772125840187072754e-01
5.700000000000000000e+03 8.760280013084411621e-01 8.749507069587707520e-01
5.800000000000000000e+03 8.791918158531188965e-01 8.783162832260131836e-01
5.900000000000000000e+03 8.767002224922180176e-01 8.766313791275024414e-01
6.000000000000000000e+03 8.783463239669799805e-01 8.779192566871643066e-01
6.100000000000000000e+03 8.787576556205749512e-01 8.789600133895874023e-01
6.200000000000000000e+03 8.798362016677856445e-01 8.799118399620056152e-01
6.300000000000000000e+03 8.784722089767456055e-01 8.789210915565490723e-01
6.400000000000000000e+03 8.766455054283142090e-01 8.763329982757568359e-01
6.500000000000000000e+03 8.781923055648803711e-01 8.770793080329895020e-01
6.600000000000000000e+03 8.755705356597900391e-01 8.752959370613098145e-01
6.700000000000000000e+03 8.783814907073974609e-01 8.786100745201110840e-01
6.800000000000000000e+03 8.787775635719299316e-01 8.788947463035583496e-01
6.900000000000000000e+03 8.799795508384704590e-01 8.798980712890625000e-01
7.000000000000000000e+03 8.789799213409423828e-01 8.796651959419250488e-01
7.100000000000000000e+03 8.807350993156433105e-01 8.804357647895812988e-01
7.200000000000000000e+03 8.784201741218566895e-01 8.785265088081359863e-01
7.300000000000000000e+03 8.773287534713745117e-01 8.771511316299438477e-01
7.400000000000000000e+03 8.770207166671752930e-01 8.768602609634399414e-01
7.500000000000000000e+03 8.765812516212463379e-01 8.772166967391967773e-01
7.600000000000000000e+03 8.752138018608093262e-01 8.747491240501403809e-01
7.700000000000000000e+03 8.782771825790405273e-01 8.782609105110168457e-01
7.800000000000000000e+03 8.794671297073364258e-01 8.794410824775695801e-01
7.900000000000000000e+03 8.773714303970336914e-01 8.773397803306579590e-01
8.000000000000000000e+03 8.760566711425781250e-01 8.759551048278808594e-01
8.100000000000000000e+03 8.781211376190185547e-01 8.783197999000549316e-01
8.200000000000000000e+03 8.760004043579101562e-01 8.761147260665893555e-01
8.300000000000000000e+03 8.793919682502746582e-01 8.789043426513671875e-01
8.400000000000000000e+03 8.797265291213989258e-01 8.794977664947509766e-01
8.500000000000000000e+03 8.793272376060485840e-01 8.795147538185119629e-01
8.600000000000000000e+03 8.764190077781677246e-01 8.758212327957153320e-01
8.700000000000000000e+03 8.783944249153137207e-01 8.784464597702026367e-01
8.800000000000000000e+03 8.764044642448425293e-01 8.773277997970581055e-01
8.900000000000000000e+03 8.772015571594238281e-01 8.766239285469055176e-01
9.000000000000000000e+03 8.779549002647399902e-01 8.777742981910705566e-01
9.100000000000000000e+03 8.768681287765502930e-01 8.771600723266601562e-01
9.200000000000000000e+03 8.757354021072387695e-01 8.760445117950439453e-01
9.300000000000000000e+03 8.789398670196533203e-01 8.791044950485229492e-01
9.400000000000000000e+03 8.782729506492614746e-01 8.787366747856140137e-01
9.500000000000000000e+03 8.776085376739501953e-01 8.775328993797302246e-01
9.600000000000000000e+03 8.787093162536621094e-01 8.781933784484863281e-01
9.700000000000000000e+03 8.798984885215759277e-01 8.794925808906555176e-01
9.800000000000000000e+03 8.807414174079895020e-01 8.806903958320617676e-01
9.900000000000000000e+03 8.771291375160217285e-01 8.769034147262573242e-01
1.000000000000000000e+04 8.770421743392944336e-01 8.766515254974365234e-01
1.010000000000000000e+04 8.763288855552673340e-01 8.759467601776123047e-01
1.020000000000000000e+04 8.791881203651428223e-01 8.790502548217773438e-01
1.030000000000000000e+04 8.798922896385192871e-01 8.800728321075439453e-01
1.040000000000000000e+04 8.774639368057250977e-01 8.771814703941345215e-01
1.050000000000000000e+04 8.789821267127990723e-01 8.783854246139526367e-01
1.060000000000000000e+04 8.756751418113708496e-01 8.757591247558593750e-01
1.070000000000000000e+04 8.780066967010498047e-01 8.769596815109252930e-01
1.080000000000000000e+04 8.786140084266662598e-01 8.786342740058898926e-01
1.090000000000000000e+04 8.804214000701904297e-01 8.797950148582458496e-01
1.100000000000000000e+04 8.776022791862487793e-01 8.776618838310241699e-01
1.110000000000000000e+04 8.757038712501525879e-01 8.764640092849731445e-01
1.120000000000000000e+04 8.774190545082092285e-01 8.774358034133911133e-01
1.130000000000000000e+04 8.783738613128662109e-01 8.780226707458496094e-01
1.140000000000000000e+04 8.787555098533630371e-01 8.789967298507690430e-01
1.150000000000000000e+04 8.789863586425781250e-01 8.787404894828796387e-01
1.160000000000000000e+04 8.768454194068908691e-01 8.768359422683715820e-01
1.170000000000000000e+04 8.787125945091247559e-01 8.785830736160278320e-01
1.180000000000000000e+04 8.793683648109436035e-01 8.794120550155639648e-01
1.190000000000000000e+04 8.780055046081542969e-01 8.783639669418334961e-01
1.200000000000000000e+04 8.793320059776306152e-01 8.797343373298645020e-01
1.210000000000000000e+04 8.775128722190856934e-01 8.775864839553833008e-01
1.220000000000000000e+04 8.771990537643432617e-01 8.775422573089599609e-01
1.230000000000000000e+04 8.777438998222351074e-01 8.777998089790344238e-01
1.240000000000000000e+04 8.790852427482604980e-01 8.788029551506042480e-01
1.250000000000000000e+04 8.785587549209594727e-01 8.786762356758117676e-01
1.260000000000000000e+04 8.802554011344909668e-01 8.803744912147521973e-01
1.270000000000000000e+04 8.776255249977111816e-01 8.778248429298400879e-01
1.280000000000000000e+04 8.783227205276489258e-01 8.785119652748107910e-01
1.290000000000000000e+04 8.789825439453125000e-01 8.789147138595581055e-01
1.300000000000000000e+04 8.793425559997558594e-01 8.791622519493103027e-01
1.310000000000000000e+04 8.781762719154357910e-01 8.781560063362121582e-01
1.320000000000000000e+04 8.784872293472290039e-01 8.782292008399963379e-01
1.330000000000000000e+04 8.791987895965576172e-01 8.793068528175354004e-01
1.340000000000000000e+04 8.776585459709167480e-01 8.779034018516540527e-01
1.350000000000000000e+04 8.798981308937072754e-01 8.799108862876892090e-01
1.360000000000000000e+04 8.773287534713745117e-01 8.771185278892517090e-01
1.370000000000000000e+04 8.780348896980285645e-01 8.778797388076782227e-01
1.380000000000000000e+04 8.795323371887207031e-01 8.793251514434814453e-01
1.390000000000000000e+04 8.806609511375427246e-01 8.806193470954895020e-01
1.400000000000000000e+04 8.780357241630554199e-01 8.781205415725708008e-01
1.410000000000000000e+04 8.795501589775085449e-01 8.795822858810424805e-01
1.420000000000000000e+04 8.775242567062377930e-01 8.774527311325073242e-01
1.430000000000000000e+04 8.772487044334411621e-01 8.773743510246276855e-01
1.440000000000000000e+04 8.795280456542968750e-01 8.794065117835998535e-01
1.450000000000000000e+04 8.791993856430053711e-01 8.789849877357482910e-01
1.460000000000000000e+04 8.802707791328430176e-01 8.802322149276733398e-01
1.470000000000000000e+04 8.795897364616394043e-01 8.795929551124572754e-01
1.480000000000000000e+04 8.786824345588684082e-01 8.787975311279296875e-01
1.490000000000000000e+04 8.771885633468627930e-01 8.771151304244995117e-01
